Iteración X            f(X)         f'(X)        Error       
---------- ------------ ------------ ------------ ------------
1          1.200000     28.000000    10.000000    2.800000    
2          0.054545     5.040000     4.400000     1.145455    
3          -0.024451    0.166612     2.109091     0.078997    
4          0.012839     -0.072756    1.951097     0.037290    
5          -0.006257    0.038681     2.025677     0.019095    
6          0.003168     -0.018730    1.987487     0.009424    
7          -0.001574    0.009513     2.006335     0.004741    
8          0.000789     -0.004719    1.996852     0.002363    
9          -0.000394    0.002369     2.001579     0.001183    
10         0.000197     -0.001182    1.999212     0.000591    
11         -0.000099    0.000592     2.000394     0.000296    
12         0.000049     -0.000296    1.999803     0.000148    
13         -0.000025    0.000148     2.000099     0.000074    
14         0.000012     -0.000074    1.999951     0.000037    
15         -0.000006    0.000037     2.000025     0.000018    
16         0.000003     -0.000018    1.999988     0.000009    
